65.575222	      75
65.765622	      75
65.956021	      75
66.146421	      75
66.33682	      75
66.52722	      75
66.717619	      75
66.908019	      75
67.098418	      75
67.288818	      75
67.479218	      75
67.669617	      75
67.860017	      75
68.050416	      75
68.240816	      75
68.431215	      75
68.621615	      75
68.812014	      75
69.002414	      75
69.192814	      75
69.383213	      75
69.573613	      75
69.764012	      75
69.954412	      75
70.144811	      75
70.335211	      75
70.52561	      75
70.71601	      75
70.90641	      75
71.096809	      75
71.287209	      75
71.477608	      75
71.668008	      75
71.858407	      75
72.048807	      75
72.239206	      75
72.429606	      75
72.620006	      75
72.810405	      75
73.000805	      75
73.191204	      75
73.381604	      75
73.572003	      75
73.762403	      75
73.952802	      75
74.143202	      75
74.333602	      75
74.524001	      75
74.714401	      75
 74.9048	      75
 75.0952	      75
75.285599	      75
75.475999	      75
75.666398	      75
75.856798	      75
76.047198	      75
76.237597	      75
76.427997	      75
76.618396	      75
76.808796	      75
76.999195	      75
77.189595	      75
77.379994	      75
77.570394	      75
77.760794	      75
77.951193	      75
78.141593	      75
78.331992	      75
78.522392	      75
78.712791	      75
78.903191	      75
79.09359	      75
79.28399	      75
79.47439	      75
79.664789	      75
79.855189	      75
80.045588	      75
80.235988	      75
80.426387	      75
80.616787	      75
80.807186	      75
80.997586	      75
81.187986	      75
81.378385	      75
81.568785	      75
81.759184	      75
81.949584	      75
82.139983	      75
82.330383	      75
82.520782	      75
82.711182	      75
82.901582	      75
83.091981	      75
83.282381	      75
83.47278	      75
83.66318	      75
83.853579	      75
84.043979	      75
84.234378	      75
84.424778	      75
84.424778	      75
84.234378	      75
84.043979	      75
83.853579	      75
83.66318	      75
83.47278	      75
83.282381	      75
83.091981	      75
82.901582	      75
82.711182	      75
82.520782	      75
82.330383	      75
82.139983	      75
81.949584	      75
81.759184	      75
81.568785	      75
81.378385	      75
81.187986	      75
80.997586	      75
80.807186	      75
80.616787	      75
80.426387	      75
80.235988	      75
80.045588	      75
79.855189	      75
79.664789	      75
79.47439	      75
79.28399	      75
79.09359	      75
78.903191	      75
78.712791	      75
78.522392	      75
78.331992	      75
78.141593	      75
77.951193	      75
77.760794	      75
77.570394	      75
77.379994	      75
77.189595	      75
76.999195	      75
76.808796	      75
76.618396	      75
76.427997	      75
76.237597	      75
76.047198	      75
75.856798	      75
75.666398	      75
75.475999	      75
75.285599	      75
 75.0952	      75
 74.9048	      75
74.714401	      75
74.524001	      75
74.333602	      75
74.143202	      75
73.952802	      75
73.762403	      75
73.572003	      75
73.381604	      75
73.191204	      75
73.000805	      75
72.810405	      75
72.620006	      75
72.429606	      75
72.239206	      75
72.048807	      75
71.858407	      75
71.668008	      75
71.477608	      75
71.287209	      75
71.096809	      75
70.90641	      75
70.71601	      75
70.52561	      75
70.335211	      75
70.144811	      75
69.954412	      75
69.764012	      75
69.573613	      75
69.383213	      75
69.192814	      75
69.002414	      75
68.812014	      75
68.621615	      75
68.431215	      75
68.240816	      75
68.050416	      75
67.860017	      75
67.669617	      75
67.479218	      75
67.288818	      75
67.098418	      75
66.908019	      75
66.717619	      75
66.52722	      75
66.33682	      75
66.146421	      75
65.956021	      75
65.765622	      75
65.575222	      75